{
 "cells": [
  {
   "cell_type": "markdown",
   "metadata": {},
   "source": [
    "# Load DeepFly3D Data"
   ]
  },
  {
   "cell_type": "code",
   "execution_count": 1,
   "metadata": {},
   "outputs": [],
   "source": [
    "%load_ext autoreload\n",
    "%autoreload 2\n",
    "from load import *\n",
    "import torch\n",
    "import yaml\n",
    "import logging\n",
    "from imp import reload\n",
    "import matplotlib.pyplot as plt\n",
    "from liftpose.vision_3d import world_to_camera_dict, reprojection_error, intrinsic_matrix\n",
    "reload(logging)\n",
    "logger = logging.getLogger(__name__).setLevel(logging.INFO)\n",
    "from tqdm import tqdm\n",
    "tqdm.get_lock().locks = []\n",
    "\n",
    "# decleare data parameters\n",
    "par_train = {  'data_dir'       : '/data/LiftPose3D/fly_tether/data_DF3D', # change the path \n",
    "               'out_dir'        : '/data/LiftPose3D/fly_tether/angle_inv_network',\n",
    "               'train_subjects' : [1],\n",
    "               'test_subjects'  : [6,7],\n",
    "               'actions'        : ['all'],\n",
    "               'cam_id'         : [0]}\n",
    "\n",
    "# merge with training parameters\n",
    "par_data = yaml.full_load(open('param.yaml', \"rb\"))\n",
    "par = {**par_data[\"data\"], **par_train}\n",
    "\n",
    "# Load 2D data\n",
    "train_2d = load_2D(\n",
    "    par[\"data_dir\"],\n",
    "    par,\n",
    "    cam_id=par[\"cam_id\"],\n",
    "    subjects=par[\"train_subjects\"],\n",
    "    actions=par[\"actions\"],\n",
    ")\n",
    "test_2d = load_2D(\n",
    "    par[\"data_dir\"],\n",
    "    par,\n",
    "    cam_id=par[\"cam_id\"],\n",
    "    subjects=par[\"test_subjects\"],\n",
    "    actions=par[\"actions\"],\n",
    ")\n",
    "\n",
    "# Load 3D data\n",
    "train_3d, train_keypts, rcams_train = load_3D(\n",
    "    par[\"data_dir\"],\n",
    "    par,\n",
    "    cam_id=par[\"cam_id\"],\n",
    "    subjects=par[\"train_subjects\"],\n",
    "    actions=par[\"actions\"],\n",
    ")\n",
    "test_3d, test_keypts, rcams_test = load_3D(\n",
    "    par[\"data_dir\"],\n",
    "    par,\n",
    "    cam_id=par[\"cam_id\"],\n",
    "    subjects=par[\"test_subjects\"],\n",
    "    actions=par[\"actions\"],\n",
    ")\n",
    "\n",
    "test_3d = world_to_camera_dict(test_3d, rcams_test)\n"
   ]
  },
  {
   "cell_type": "code",
   "execution_count": 7,
   "metadata": {},
   "outputs": [
    {
     "data": {
      "text/plain": [
       "{(1,\n",
       "  'all',\n",
       "  'pose_result_fix__data_paper_180918_MDN_CsCh_Fly1_001_SG1_behData_images.cam_0'): {'R': array([[ 0.90917256,  0.00832571, -0.41633634],\n",
       "         [ 0.00513456,  0.99949997,  0.03120012],\n",
       "         [ 0.41638792, -0.030504  ,  0.90867519]]),\n",
       "  'tvec': array([1.64306473e+00, 3.04749148e-02, 1.17613039e+02]),\n",
       "  'intr': array([[1.60410e+04, 0.00000e+00, 2.40000e+02],\n",
       "         [0.00000e+00, 1.59717e+04, 4.80000e+02],\n",
       "         [0.00000e+00, 0.00000e+00, 1.00000e+00]]),\n",
       "  'distort': array([0., 0., 0., 0., 0.]),\n",
       "  'vis': array([1., 1., 1., 1., 1., 1., 1., 1., 1., 1., 1., 1., 1., 1., 1., 1., 1.,\n",
       "         1., 1., 0., 0., 0., 0., 0., 0., 0., 0., 0., 0., 0., 0., 0., 0., 0.,\n",
       "         0., 0., 0., 0.])},\n",
       " (1,\n",
       "  'all',\n",
       "  'pose_result_fix__data_paper_180918_MDN_CsCh_Fly1_002_SG1_behData_images.cam_0'): {'R': array([[ 0.90682841,  0.01186894, -0.42133284],\n",
       "         [-0.00557036,  0.99985363,  0.01617685],\n",
       "         [ 0.42146317, -0.01232266,  0.90676179]]),\n",
       "  'tvec': array([1.63777815e+00, 3.66787887e-02, 1.16819205e+02]),\n",
       "  'intr': array([[1.60410e+04, 0.00000e+00, 2.40000e+02],\n",
       "         [0.00000e+00, 1.59717e+04, 4.80000e+02],\n",
       "         [0.00000e+00, 0.00000e+00, 1.00000e+00]]),\n",
       "  'distort': array([0., 0., 0., 0., 0.]),\n",
       "  'vis': array([1., 1., 1., 1., 1., 1., 1., 1., 1., 1., 1., 1., 1., 1., 1., 1., 1.,\n",
       "         1., 1., 0., 0., 0., 0., 0., 0., 0., 0., 0., 0., 0., 0., 0., 0., 0.,\n",
       "         0., 0., 0., 0.])},\n",
       " (1,\n",
       "  'all',\n",
       "  'pose_result_fix__data_paper_180918_MDN_CsCh_Fly1_003_SG1_behData_images.cam_0'): {'R': array([[ 0.90833343,  0.01566152, -0.41795346],\n",
       "         [-0.00412007,  0.99958524,  0.02850229],\n",
       "         [ 0.41822649, -0.02416758,  0.90802122]]),\n",
       "  'tvec': array([1.63922067e+00, 4.76554703e-02, 1.16829463e+02]),\n",
       "  'intr': array([[1.60410e+04, 0.00000e+00, 2.40000e+02],\n",
       "         [0.00000e+00, 1.59717e+04, 4.80000e+02],\n",
       "         [0.00000e+00, 0.00000e+00, 1.00000e+00]]),\n",
       "  'distort': array([0., 0., 0., 0., 0.]),\n",
       "  'vis': array([1., 1., 1., 1., 1., 1., 1., 1., 1., 1., 1., 1., 1., 1., 1., 1., 1.,\n",
       "         1., 1., 0., 0., 0., 0., 0., 0., 0., 0., 0., 0., 0., 0., 0., 0., 0.,\n",
       "         0., 0., 0., 0.])},\n",
       " (1,\n",
       "  'all',\n",
       "  'pose_result_fix__data_paper_180918_MDN_CsCh_Fly1_004_SG1_behData_images.cam_0'): {'R': array([[ 0.90799761,  0.0100909 , -0.41885381],\n",
       "         [ 0.00119487,  0.99964349,  0.02667335],\n",
       "         [ 0.41897364, -0.02471981,  0.90766184]]),\n",
       "  'tvec': array([1.64476315e+00, 2.85980028e-02, 1.17509244e+02]),\n",
       "  'intr': array([[1.60410e+04, 0.00000e+00, 2.40000e+02],\n",
       "         [0.00000e+00, 1.59717e+04, 4.80000e+02],\n",
       "         [0.00000e+00, 0.00000e+00, 1.00000e+00]]),\n",
       "  'distort': array([0., 0., 0., 0., 0.]),\n",
       "  'vis': array([1., 1., 1., 1., 1., 1., 1., 1., 1., 1., 1., 1., 1., 1., 1., 1., 1.,\n",
       "         1., 1., 0., 0., 0., 0., 0., 0., 0., 0., 0., 0., 0., 0., 0., 0., 0.,\n",
       "         0., 0., 0., 0.])},\n",
       " (1,\n",
       "  'all',\n",
       "  'pose_result_fix__data_paper_180918_MDN_CsCh_Fly1_005_SG1_behData_images.cam_0'): {'R': array([[ 0.90810357,  0.01156042, -0.41858604],\n",
       "         [-0.00219227,  0.9997364 ,  0.02285447],\n",
       "         [ 0.4187399 , -0.01983658,  0.90788953]]),\n",
       "  'tvec': array([1.64471227e+00, 2.59420995e-02, 1.17507790e+02]),\n",
       "  'intr': array([[1.60410e+04, 0.00000e+00, 2.40000e+02],\n",
       "         [0.00000e+00, 1.59717e+04, 4.80000e+02],\n",
       "         [0.00000e+00, 0.00000e+00, 1.00000e+00]]),\n",
       "  'distort': array([0., 0., 0., 0., 0.]),\n",
       "  'vis': array([1., 1., 1., 1., 1., 1., 1., 1., 1., 1., 1., 1., 1., 1., 1., 1., 1.,\n",
       "         1., 1., 0., 0., 0., 0., 0., 0., 0., 0., 0., 0., 0., 0., 0., 0., 0.,\n",
       "         0., 0., 0., 0.])},\n",
       " (1,\n",
       "  'all',\n",
       "  'pose_result_fix__data_paper_180918_MDN_CsCh_Fly2_001_SG1_behData_images.cam_0'): {'R': array([[ 0.91279174,  0.01290184, -0.40822148],\n",
       "         [-0.00411676,  0.9997408 ,  0.02239165],\n",
       "         [ 0.40840456, -0.01875836,  0.91260826]]),\n",
       "  'tvec': array([1.63854679e+00, 4.71136098e-02, 1.16253139e+02]),\n",
       "  'intr': array([[1.60410e+04, 0.00000e+00, 2.40000e+02],\n",
       "         [0.00000e+00, 1.59717e+04, 4.80000e+02],\n",
       "         [0.00000e+00, 0.00000e+00, 1.00000e+00]]),\n",
       "  'distort': array([0., 0., 0., 0., 0.]),\n",
       "  'vis': array([1., 1., 1., 1., 1., 1., 1., 1., 1., 1., 1., 1., 1., 1., 1., 1., 1.,\n",
       "         1., 1., 0., 0., 0., 0., 0., 0., 0., 0., 0., 0., 0., 0., 0., 0., 0.,\n",
       "         0., 0., 0., 0.])},\n",
       " (1,\n",
       "  'all',\n",
       "  'pose_result_fix__data_paper_180918_MDN_CsCh_Fly2_002_SG1_behData_images.cam_0'): {'R': array([[ 9.05998544e-01,  1.02591351e-02, -4.23156459e-01],\n",
       "         [-1.48545093e-04,  9.99713881e-01,  2.39193279e-02],\n",
       "         [ 4.23280777e-01, -2.16080184e-02,  9.05740844e-01]]),\n",
       "  'tvec': array([1.64396866e+00, 2.90136742e-02, 1.17548622e+02]),\n",
       "  'intr': array([[1.60410e+04, 0.00000e+00, 2.40000e+02],\n",
       "         [0.00000e+00, 1.59717e+04, 4.80000e+02],\n",
       "         [0.00000e+00, 0.00000e+00, 1.00000e+00]]),\n",
       "  'distort': array([0., 0., 0., 0., 0.]),\n",
       "  'vis': array([1., 1., 1., 1., 1., 1., 1., 1., 1., 1., 1., 1., 1., 1., 1., 1., 1.,\n",
       "         1., 1., 0., 0., 0., 0., 0., 0., 0., 0., 0., 0., 0., 0., 0., 0., 0.,\n",
       "         0., 0., 0., 0.])},\n",
       " (1,\n",
       "  'all',\n",
       "  'pose_result_fix__data_paper_180918_MDN_CsCh_Fly2_003_SG1_behData_images.cam_0'): {'R': array([[ 0.90730229,  0.01266482, -0.42028818],\n",
       "         [-0.0110469 ,  0.99991924,  0.00628361],\n",
       "         [ 0.42033382, -0.00105825,  0.90736892]]),\n",
       "  'tvec': array([1.63411525e+00, 3.35228363e-02, 1.16390232e+02]),\n",
       "  'intr': array([[1.60410e+04, 0.00000e+00, 2.40000e+02],\n",
       "         [0.00000e+00, 1.59717e+04, 4.80000e+02],\n",
       "         [0.00000e+00, 0.00000e+00, 1.00000e+00]]),\n",
       "  'distort': array([0., 0., 0., 0., 0.]),\n",
       "  'vis': array([1., 1., 1., 1., 1., 1., 1., 1., 1., 1., 1., 1., 1., 1., 1., 1., 1.,\n",
       "         1., 1., 0., 0., 0., 0., 0., 0., 0., 0., 0., 0., 0., 0., 0., 0., 0.,\n",
       "         0., 0., 0., 0.])},\n",
       " (1,\n",
       "  'all',\n",
       "  'pose_result_fix__data_paper_180918_MDN_CsCh_Fly2_004_SG1_behData_images.cam_0'): {'R': array([[ 0.91101431,  0.01466783, -0.41211379],\n",
       "         [-0.00953691,  0.99984933,  0.01450414],\n",
       "         [ 0.41226444, -0.00928319,  0.91101693]]),\n",
       "  'tvec': array([1.64291164e+00, 3.75487870e-02, 1.16530026e+02]),\n",
       "  'intr': array([[1.60410e+04, 0.00000e+00, 2.40000e+02],\n",
       "         [0.00000e+00, 1.59717e+04, 4.80000e+02],\n",
       "         [0.00000e+00, 0.00000e+00, 1.00000e+00]]),\n",
       "  'distort': array([0., 0., 0., 0., 0.]),\n",
       "  'vis': array([1., 1., 1., 1., 1., 1., 1., 1., 1., 1., 1., 1., 1., 1., 1., 1., 1.,\n",
       "         1., 1., 0., 0., 0., 0., 0., 0., 0., 0., 0., 0., 0., 0., 0., 0., 0.,\n",
       "         0., 0., 0., 0.])},\n",
       " (1,\n",
       "  'all',\n",
       "  'pose_result_fix__data_paper_180918_MDN_CsCh_Fly2_005_SG1_behData_images.cam_0'): {'R': array([[ 0.9124543 ,  0.01092427, -0.40903277],\n",
       "         [-0.00552487,  0.99988134,  0.01437973],\n",
       "         [ 0.40914132, -0.01086099,  0.91240639]]),\n",
       "  'tvec': array([1.63736948e+00, 3.87672663e-02, 1.16468140e+02]),\n",
       "  'intr': array([[1.60410e+04, 0.00000e+00, 2.40000e+02],\n",
       "         [0.00000e+00, 1.59717e+04, 4.80000e+02],\n",
       "         [0.00000e+00, 0.00000e+00, 1.00000e+00]]),\n",
       "  'distort': array([0., 0., 0., 0., 0.]),\n",
       "  'vis': array([1., 1., 1., 1., 1., 1., 1., 1., 1., 1., 1., 1., 1., 1., 1., 1., 1.,\n",
       "         1., 1., 0., 0., 0., 0., 0., 0., 0., 0., 0., 0., 0., 0., 0., 0., 0.,\n",
       "         0., 0., 0., 0.])},\n",
       " (1,\n",
       "  'all',\n",
       "  'pose_result_fix__data_paper_180918_MDN_CsCh_Fly3_001_SG1_behData_images.cam_0'): {'R': array([[ 0.90391835,  0.01186761, -0.42754038],\n",
       "         [-0.0039113 ,  0.99980254,  0.01948301],\n",
       "         [ 0.42768717, -0.01593881,  0.90378628]]),\n",
       "  'tvec': array([1.62882920e+00, 3.95992481e-02, 1.16359655e+02]),\n",
       "  'intr': array([[1.60410e+04, 0.00000e+00, 2.40000e+02],\n",
       "         [0.00000e+00, 1.59717e+04, 4.80000e+02],\n",
       "         [0.00000e+00, 0.00000e+00, 1.00000e+00]]),\n",
       "  'distort': array([0., 0., 0., 0., 0.]),\n",
       "  'vis': array([1., 1., 1., 1., 1., 1., 1., 1., 1., 1., 1., 1., 1., 1., 1., 1., 1.,\n",
       "         1., 1., 0., 0., 0., 0., 0., 0., 0., 0., 0., 0., 0., 0., 0., 0., 0.,\n",
       "         0., 0., 0., 0.])},\n",
       " (1,\n",
       "  'all',\n",
       "  'pose_result_fix__data_paper_180918_MDN_CsCh_Fly3_002_SG1_behData_images.cam_0'): {'R': array([[ 0.90492864,  0.0123184 , -0.42538503],\n",
       "         [-0.00380408,  0.99977519,  0.02085924],\n",
       "         [ 0.42554635, -0.01725793,  0.90477205]]),\n",
       "  'tvec': array([1.62688324e+00, 4.30801048e-02, 1.16371960e+02]),\n",
       "  'intr': array([[1.60410e+04, 0.00000e+00, 2.40000e+02],\n",
       "         [0.00000e+00, 1.59717e+04, 4.80000e+02],\n",
       "         [0.00000e+00, 0.00000e+00, 1.00000e+00]]),\n",
       "  'distort': array([0., 0., 0., 0., 0.]),\n",
       "  'vis': array([1., 1., 1., 1., 1., 1., 1., 1., 1., 1., 1., 1., 1., 1., 1., 1., 1.,\n",
       "         1., 1., 0., 0., 0., 0., 0., 0., 0., 0., 0., 0., 0., 0., 0., 0., 0.,\n",
       "         0., 0., 0., 0.])},\n",
       " (1,\n",
       "  'all',\n",
       "  'pose_result_fix__data_paper_180918_MDN_PR_Fly1_001_SG1_behData_images.cam_0'): {'R': array([[ 0.91318857,  0.00869363, -0.40744454],\n",
       "         [-0.00113437,  0.99982279,  0.01879077],\n",
       "         [ 0.4075357 , -0.01669732,  0.91303661]]),\n",
       "  'tvec': array([1.63668894e+00, 3.72117656e-02, 1.16608985e+02]),\n",
       "  'intr': array([[1.60410e+04, 0.00000e+00, 2.40000e+02],\n",
       "         [0.00000e+00, 1.59717e+04, 4.80000e+02],\n",
       "         [0.00000e+00, 0.00000e+00, 1.00000e+00]]),\n",
       "  'distort': array([0., 0., 0., 0., 0.]),\n",
       "  'vis': array([1., 1., 1., 1., 1., 1., 1., 1., 1., 1., 1., 1., 1., 1., 1., 1., 1.,\n",
       "         1., 1., 0., 0., 0., 0., 0., 0., 0., 0., 0., 0., 0., 0., 0., 0., 0.,\n",
       "         0., 0., 0., 0.])},\n",
       " (1,\n",
       "  'all',\n",
       "  'pose_result_fix__data_paper_180918_MDN_PR_Fly1_002_SG1_behData_images.cam_0'): {'R': array([[ 9.09569793e-01,  8.98851575e-03, -4.15453967e-01],\n",
       "         [-7.26259354e-04,  9.99798895e-01,  2.00410279e-02],\n",
       "         [ 4.15550556e-01, -1.79269863e-02,  9.09393401e-01]]),\n",
       "  'tvec': array([1.64293766e+00, 2.52474034e-02, 1.17420003e+02]),\n",
       "  'intr': array([[1.60410e+04, 0.00000e+00, 2.40000e+02],\n",
       "         [0.00000e+00, 1.59717e+04, 4.80000e+02],\n",
       "         [0.00000e+00, 0.00000e+00, 1.00000e+00]]),\n",
       "  'distort': array([0., 0., 0., 0., 0.]),\n",
       "  'vis': array([1., 1., 1., 1., 1., 1., 1., 1., 1., 1., 1., 1., 1., 1., 1., 1., 1.,\n",
       "         1., 1., 0., 0., 0., 0., 0., 0., 0., 0., 0., 0., 0., 0., 0., 0., 0.,\n",
       "         0., 0., 0., 0.])},\n",
       " (1,\n",
       "  'all',\n",
       "  'pose_result_fix__data_paper_180918_MDN_PR_Fly1_003_SG1_behData_images.cam_0'): {'R': array([[ 0.90934527,  0.00926999, -0.41593899],\n",
       "         [-0.00213503,  0.99984255,  0.01761568],\n",
       "         [ 0.4160368 , -0.01513069,  0.90922189]]),\n",
       "  'tvec': array([1.63465502e+00, 3.62550553e-02, 1.16700066e+02]),\n",
       "  'intr': array([[1.60410e+04, 0.00000e+00, 2.40000e+02],\n",
       "         [0.00000e+00, 1.59717e+04, 4.80000e+02],\n",
       "         [0.00000e+00, 0.00000e+00, 1.00000e+00]]),\n",
       "  'distort': array([0., 0., 0., 0., 0.]),\n",
       "  'vis': array([1., 1., 1., 1., 1., 1., 1., 1., 1., 1., 1., 1., 1., 1., 1., 1., 1.,\n",
       "         1., 1., 0., 0., 0., 0., 0., 0., 0., 0., 0., 0., 0., 0., 0., 0., 0.,\n",
       "         0., 0., 0., 0.])},\n",
       " (1,\n",
       "  'all',\n",
       "  'pose_result_fix__data_paper_180918_MDN_PR_Fly1_004_SG1_behData_images.cam_0'): {'R': array([[ 9.11302120e-01,  7.66137146e-03, -4.11667038e-01],\n",
       "         [-6.41923042e-04,  9.99852089e-01,  1.71868325e-02],\n",
       "         [ 4.11737823e-01, -1.53981383e-02,  9.11172246e-01]]),\n",
       "  'tvec': array([1.64039247e+00, 2.98110300e-02, 1.17119271e+02]),\n",
       "  'intr': array([[1.60410e+04, 0.00000e+00, 2.40000e+02],\n",
       "         [0.00000e+00, 1.59717e+04, 4.80000e+02],\n",
       "         [0.00000e+00, 0.00000e+00, 1.00000e+00]]),\n",
       "  'distort': array([0., 0., 0., 0., 0.]),\n",
       "  'vis': array([1., 1., 1., 1., 1., 1., 1., 1., 1., 1., 1., 1., 1., 1., 1., 1., 1.,\n",
       "         1., 1., 0., 0., 0., 0., 0., 0., 0., 0., 0., 0., 0., 0., 0., 0., 0.,\n",
       "         0., 0., 0., 0.])},\n",
       " (1,\n",
       "  'all',\n",
       "  'pose_result_fix__data_paper_180918_MDN_PR_Fly1_005_SG1_behData_images.cam_0'): {'R': array([[ 0.9040691 ,  0.00924656, -0.42728628],\n",
       "         [-0.00192207,  0.99984379,  0.01757002],\n",
       "         [ 0.427382  , -0.01506324,  0.90394564]]),\n",
       "  'tvec': array([1.63677819e+00, 2.57903774e-02, 1.17450284e+02]),\n",
       "  'intr': array([[1.60410e+04, 0.00000e+00, 2.40000e+02],\n",
       "         [0.00000e+00, 1.59717e+04, 4.80000e+02],\n",
       "         [0.00000e+00, 0.00000e+00, 1.00000e+00]]),\n",
       "  'distort': array([0., 0., 0., 0., 0.]),\n",
       "  'vis': array([1., 1., 1., 1., 1., 1., 1., 1., 1., 1., 1., 1., 1., 1., 1., 1., 1.,\n",
       "         1., 1., 0., 0., 0., 0., 0., 0., 0., 0., 0., 0., 0., 0., 0., 0., 0.,\n",
       "         0., 0., 0., 0.])},\n",
       " (1,\n",
       "  'all',\n",
       "  'pose_result_fix__data_paper_180918_MDN_PR_Fly2_001_SG1_behData_images.cam_0'): {'R': array([[ 0.90673796,  0.01509777, -0.42142417],\n",
       "         [-0.00906876,  0.99982591,  0.01630696],\n",
       "         [ 0.421597  , -0.01096435,  0.90671702]]),\n",
       "  'tvec': array([1.63993137e+00, 3.84521772e-02, 1.16584287e+02]),\n",
       "  'intr': array([[1.60410e+04, 0.00000e+00, 2.40000e+02],\n",
       "         [0.00000e+00, 1.59717e+04, 4.80000e+02],\n",
       "         [0.00000e+00, 0.00000e+00, 1.00000e+00]]),\n",
       "  'distort': array([0., 0., 0., 0., 0.]),\n",
       "  'vis': array([1., 1., 1., 1., 1., 1., 1., 1., 1., 1., 1., 1., 1., 1., 1., 1., 1.,\n",
       "         1., 1., 0., 0., 0., 0., 0., 0., 0., 0., 0., 0., 0., 0., 0., 0., 0.,\n",
       "         0., 0., 0., 0.])},\n",
       " (1,\n",
       "  'all',\n",
       "  'pose_result_fix__data_paper_180918_MDN_PR_Fly2_002_SG1_behData_images.cam_0'): {'R': array([[ 0.90520132,  0.01383797, -0.42475767],\n",
       "         [-0.00979912,  0.99988363,  0.01169181],\n",
       "         [ 0.42487004, -0.0064212 ,  0.90523158]]),\n",
       "  'tvec': array([1.63254518e+00, 3.96449290e-02, 1.16203675e+02]),\n",
       "  'intr': array([[1.60410e+04, 0.00000e+00, 2.40000e+02],\n",
       "         [0.00000e+00, 1.59717e+04, 4.80000e+02],\n",
       "         [0.00000e+00, 0.00000e+00, 1.00000e+00]]),\n",
       "  'distort': array([0., 0., 0., 0., 0.]),\n",
       "  'vis': array([1., 1., 1., 1., 1., 1., 1., 1., 1., 1., 1., 1., 1., 1., 1., 1., 1.,\n",
       "         1., 1., 0., 0., 0., 0., 0., 0., 0., 0., 0., 0., 0., 0., 0., 0., 0.,\n",
       "         0., 0., 0., 0.])},\n",
       " (1,\n",
       "  'all',\n",
       "  'pose_result_fix__data_paper_180918_MDN_PR_Fly2_003_SG1_behData_images.cam_0'): {'R': array([[ 9.04820425e-01,  9.06767415e-03, -4.25696812e-01],\n",
       "         [-5.31286352e-04,  9.99796480e-01,  2.01671935e-02],\n",
       "         [ 4.25793043e-01, -1.80215217e-02,  9.04641094e-01]]),\n",
       "  'tvec': array([1.63638627e+00, 3.15375845e-02, 1.17024300e+02]),\n",
       "  'intr': array([[1.60410e+04, 0.00000e+00, 2.40000e+02],\n",
       "         [0.00000e+00, 1.59717e+04, 4.80000e+02],\n",
       "         [0.00000e+00, 0.00000e+00, 1.00000e+00]]),\n",
       "  'distort': array([0., 0., 0., 0., 0.]),\n",
       "  'vis': array([1., 1., 1., 1., 1., 1., 1., 1., 1., 1., 1., 1., 1., 1., 1., 1., 1.,\n",
       "         1., 1., 0., 0., 0., 0., 0., 0., 0., 0., 0., 0., 0., 0., 0., 0., 0.,\n",
       "         0., 0., 0., 0.])},\n",
       " (1,\n",
       "  'all',\n",
       "  'pose_result_fix__data_paper_180918_MDN_PR_Fly2_004_SG1_behData_images.cam_0'): {'R': array([[ 0.90567609,  0.00879632, -0.42387905],\n",
       "         [-0.00264457,  0.99988251,  0.01509904],\n",
       "         [ 0.42396206, -0.01255386,  0.90559294]]),\n",
       "  'tvec': array([1.62697959e+00, 4.19581954e-02, 1.16167678e+02]),\n",
       "  'intr': array([[1.60410e+04, 0.00000e+00, 2.40000e+02],\n",
       "         [0.00000e+00, 1.59717e+04, 4.80000e+02],\n",
       "         [0.00000e+00, 0.00000e+00, 1.00000e+00]]),\n",
       "  'distort': array([0., 0., 0., 0., 0.]),\n",
       "  'vis': array([1., 1., 1., 1., 1., 1., 1., 1., 1., 1., 1., 1., 1., 1., 1., 1., 1.,\n",
       "         1., 1., 0., 0., 0., 0., 0., 0., 0., 0., 0., 0., 0., 0., 0., 0., 0.,\n",
       "         0., 0., 0., 0.])},\n",
       " (1,\n",
       "  'all',\n",
       "  'pose_result_fix__data_paper_180918_MDN_PR_Fly2_005_SG1_behData_images.cam_0'): {'R': array([[ 0.90494422,  0.01178541, -0.42536698],\n",
       "         [-0.00453522,  0.99982674,  0.01805322],\n",
       "         [ 0.42550605, -0.01440802,  0.90484088]]),\n",
       "  'tvec': array([1.63629753e+00, 3.69033452e-02, 1.16855675e+02]),\n",
       "  'intr': array([[1.60410e+04, 0.00000e+00, 2.40000e+02],\n",
       "         [0.00000e+00, 1.59717e+04, 4.80000e+02],\n",
       "         [0.00000e+00, 0.00000e+00, 1.00000e+00]]),\n",
       "  'distort': array([0., 0., 0., 0., 0.]),\n",
       "  'vis': array([1., 1., 1., 1., 1., 1., 1., 1., 1., 1., 1., 1., 1., 1., 1., 1., 1.,\n",
       "         1., 1., 0., 0., 0., 0., 0., 0., 0., 0., 0., 0., 0., 0., 0., 0., 0.,\n",
       "         0., 0., 0., 0.])},\n",
       " (1,\n",
       "  'all',\n",
       "  'pose_result_fix__data_paper_180919_MDN_CsCh_Fly4_001_SG1_behData_images.cam_0'): {'R': array([[ 0.9054133 ,  0.00885421, -0.42443888],\n",
       "         [ 0.00162298,  0.99970298,  0.02431692],\n",
       "         [ 0.42452812, -0.02270572,  0.90513   ]]),\n",
       "  'tvec': array([1.64615577e+00, 2.43326014e-02, 1.17851425e+02]),\n",
       "  'intr': array([[1.60410e+04, 0.00000e+00, 2.40000e+02],\n",
       "         [0.00000e+00, 1.59717e+04, 4.80000e+02],\n",
       "         [0.00000e+00, 0.00000e+00, 1.00000e+00]]),\n",
       "  'distort': array([0., 0., 0., 0., 0.]),\n",
       "  'vis': array([1., 1., 1., 1., 1., 1., 1., 1., 1., 1., 1., 1., 1., 1., 1., 1., 1.,\n",
       "         1., 1., 0., 0., 0., 0., 0., 0., 0., 0., 0., 0., 0., 0., 0., 0., 0.,\n",
       "         0., 0., 0., 0.])},\n",
       " (1,\n",
       "  'all',\n",
       "  'pose_result_fix__data_paper_180919_MDN_CsCh_Fly4_002_SG1_behData_images.cam_0'): {'R': array([[ 0.9037496 ,  0.01734745, -0.42770985],\n",
       "         [-0.02131163,  0.99976283, -0.0044821 ],\n",
       "         [ 0.42753066,  0.01316589,  0.90390497]]),\n",
       "  'tvec': array([1.62713820e+00, 3.63249739e-02, 1.15866508e+02]),\n",
       "  'intr': array([[1.60410e+04, 0.00000e+00, 2.40000e+02],\n",
       "         [0.00000e+00, 1.59717e+04, 4.80000e+02],\n",
       "         [0.00000e+00, 0.00000e+00, 1.00000e+00]]),\n",
       "  'distort': array([0., 0., 0., 0., 0.]),\n",
       "  'vis': array([1., 1., 1., 1., 1., 1., 1., 1., 1., 1., 1., 1., 1., 1., 1., 1., 1.,\n",
       "         1., 1., 0., 0., 0., 0., 0., 0., 0., 0., 0., 0., 0., 0., 0., 0., 0.,\n",
       "         0., 0., 0., 0.])},\n",
       " (1,\n",
       "  'all',\n",
       "  'pose_result_fix__data_paper_180919_MDN_CsCh_Fly4_003_SG1_behData_images.cam_0'): {'R': array([[ 0.90868015,  0.00814109, -0.4174136 ],\n",
       "         [ 0.00199794,  0.99971361,  0.02384744],\n",
       "         [ 0.41748821, -0.02250366,  0.90840365]]),\n",
       "  'tvec': array([1.64328341e+00, 2.93788021e-02, 1.17510873e+02]),\n",
       "  'intr': array([[1.60410e+04, 0.00000e+00, 2.40000e+02],\n",
       "         [0.00000e+00, 1.59717e+04, 4.80000e+02],\n",
       "         [0.00000e+00, 0.00000e+00, 1.00000e+00]]),\n",
       "  'distort': array([0., 0., 0., 0., 0.]),\n",
       "  'vis': array([1., 1., 1., 1., 1., 1., 1., 1., 1., 1., 1., 1., 1., 1., 1., 1., 1.,\n",
       "         1., 1., 0., 0., 0., 0., 0., 0., 0., 0., 0., 0., 0., 0., 0., 0., 0.,\n",
       "         0., 0., 0., 0.])},\n",
       " (1,\n",
       "  'all',\n",
       "  'pose_result_fix__data_paper_180919_MDN_CsCh_Fly4_004_SG1_behData_images.cam_0'): {'R': array([[ 0.90612351,  0.00912044, -0.42291489],\n",
       "         [-0.00222917,  0.99985661,  0.01678642],\n",
       "         [ 0.42300735, -0.01426782,  0.90601391]]),\n",
       "  'tvec': array([1.64080978e+00, 2.26473271e-02, 1.17516257e+02]),\n",
       "  'intr': array([[1.60410e+04, 0.00000e+00, 2.40000e+02],\n",
       "         [0.00000e+00, 1.59717e+04, 4.80000e+02],\n",
       "         [0.00000e+00, 0.00000e+00, 1.00000e+00]]),\n",
       "  'distort': array([0., 0., 0., 0., 0.]),\n",
       "  'vis': array([1., 1., 1., 1., 1., 1., 1., 1., 1., 1., 1., 1., 1., 1., 1., 1., 1.,\n",
       "         1., 1., 0., 0., 0., 0., 0., 0., 0., 0., 0., 0., 0., 0., 0., 0., 0.,\n",
       "         0., 0., 0., 0.])},\n",
       " (1,\n",
       "  'all',\n",
       "  'pose_result_fix__data_paper_180919_MDN_CsCh_Fly4_005_SG1_behData_images.cam_0'): {'R': array([[ 9.06163177e-01,  9.90224046e-03, -4.22812301e-01],\n",
       "         [-3.48601162e-04,  9.99743014e-01,  2.26668102e-02],\n",
       "         [ 4.22928096e-01, -2.03924359e-02,  9.05933758e-01]]),\n",
       "  'tvec': array([1.64390741e+00, 2.82785872e-02, 1.17610647e+02]),\n",
       "  'intr': array([[1.60410e+04, 0.00000e+00, 2.40000e+02],\n",
       "         [0.00000e+00, 1.59717e+04, 4.80000e+02],\n",
       "         [0.00000e+00, 0.00000e+00, 1.00000e+00]]),\n",
       "  'distort': array([0., 0., 0., 0., 0.]),\n",
       "  'vis': array([1., 1., 1., 1., 1., 1., 1., 1., 1., 1., 1., 1., 1., 1., 1., 1., 1.,\n",
       "         1., 1., 0., 0., 0., 0., 0., 0., 0., 0., 0., 0., 0., 0., 0., 0., 0.,\n",
       "         0., 0., 0., 0.])},\n",
       " (1,\n",
       "  'all',\n",
       "  'pose_result_fix__data_paper_180919_MDN_CsCh_Fly5_001_SG1_behData_images.cam_0'): {'R': array([[ 0.90624534,  0.01430951, -0.42250992],\n",
       "         [-0.00585203,  0.99975584,  0.02130752],\n",
       "         [ 0.42271166, -0.0168373 ,  0.90610781]]),\n",
       "  'tvec': array([1.63624141e+00, 4.48544406e-02, 1.16338967e+02]),\n",
       "  'intr': array([[1.60410e+04, 0.00000e+00, 2.40000e+02],\n",
       "         [0.00000e+00, 1.59717e+04, 4.80000e+02],\n",
       "         [0.00000e+00, 0.00000e+00, 1.00000e+00]]),\n",
       "  'distort': array([0., 0., 0., 0., 0.]),\n",
       "  'vis': array([1., 1., 1., 1., 1., 1., 1., 1., 1., 1., 1., 1., 1., 1., 1., 1., 1.,\n",
       "         1., 1., 0., 0., 0., 0., 0., 0., 0., 0., 0., 0., 0., 0., 0., 0., 0.,\n",
       "         0., 0., 0., 0.])},\n",
       " (1,\n",
       "  'all',\n",
       "  'pose_result_fix__data_paper_180919_MDN_CsCh_Fly5_002_SG1_behData_images.cam_0'): {'R': array([[ 0.90713155,  0.01455108, -0.42059555],\n",
       "         [-0.00457337,  0.99968391,  0.0247217 ],\n",
       "         [ 0.42082233, -0.02050229,  0.90691137]]),\n",
       "  'tvec': array([1.63779870e+00, 4.60600220e-02, 1.16489558e+02]),\n",
       "  'intr': array([[1.60410e+04, 0.00000e+00, 2.40000e+02],\n",
       "         [0.00000e+00, 1.59717e+04, 4.80000e+02],\n",
       "         [0.00000e+00, 0.00000e+00, 1.00000e+00]]),\n",
       "  'distort': array([0., 0., 0., 0., 0.]),\n",
       "  'vis': array([1., 1., 1., 1., 1., 1., 1., 1., 1., 1., 1., 1., 1., 1., 1., 1., 1.,\n",
       "         1., 1., 0., 0., 0., 0., 0., 0., 0., 0., 0., 0., 0., 0., 0., 0., 0.,\n",
       "         0., 0., 0., 0.])},\n",
       " (1,\n",
       "  'all',\n",
       "  'pose_result_fix__data_paper_180919_MDN_CsCh_Fly5_003_SG1_behData_images.cam_0'): {'R': array([[ 0.90644825,  0.01367652, -0.42209539],\n",
       "         [-0.00210429,  0.99960934,  0.02786987],\n",
       "         [ 0.42231166, -0.02437438,  0.90612292]]),\n",
       "  'tvec': array([1.64398332e+00, 4.00884362e-02, 1.17049388e+02]),\n",
       "  'intr': array([[1.60410e+04, 0.00000e+00, 2.40000e+02],\n",
       "         [0.00000e+00, 1.59717e+04, 4.80000e+02],\n",
       "         [0.00000e+00, 0.00000e+00, 1.00000e+00]]),\n",
       "  'distort': array([0., 0., 0., 0., 0.]),\n",
       "  'vis': array([1., 1., 1., 1., 1., 1., 1., 1., 1., 1., 1., 1., 1., 1., 1., 1., 1.,\n",
       "         1., 1., 0., 0., 0., 0., 0., 0., 0., 0., 0., 0., 0., 0., 0., 0., 0.,\n",
       "         0., 0., 0., 0.])},\n",
       " (1,\n",
       "  'all',\n",
       "  'pose_result_fix__data_paper_180919_MDN_CsCh_Fly5_004_SG1_behData_images.cam_0'): {'R': array([[ 9.07071023e-01,  1.13140226e-02, -4.20825560e-01],\n",
       "         [ 1.32300438e-04,  9.99631075e-01,  2.71605520e-02],\n",
       "         [ 4.20977602e-01, -2.46922251e-02,  9.06734885e-01]]),\n",
       "  'tvec': array([1.64376723e+00, 3.14507796e-02, 1.17435163e+02]),\n",
       "  'intr': array([[1.60410e+04, 0.00000e+00, 2.40000e+02],\n",
       "         [0.00000e+00, 1.59717e+04, 4.80000e+02],\n",
       "         [0.00000e+00, 0.00000e+00, 1.00000e+00]]),\n",
       "  'distort': array([0., 0., 0., 0., 0.]),\n",
       "  'vis': array([1., 1., 1., 1., 1., 1., 1., 1., 1., 1., 1., 1., 1., 1., 1., 1., 1.,\n",
       "         1., 1., 0., 0., 0., 0., 0., 0., 0., 0., 0., 0., 0., 0., 0., 0., 0.,\n",
       "         0., 0., 0., 0.])},\n",
       " (1,\n",
       "  'all',\n",
       "  'pose_result_fix__data_paper_180919_MDN_CsCh_Fly5_005_SG1_behData_images.cam_0'): {'R': array([[ 0.90862395,  0.01237075, -0.41743201],\n",
       "         [-0.00316208,  0.99973631,  0.02274466],\n",
       "         [ 0.41760331, -0.01934639,  0.90842347]]),\n",
       "  'tvec': array([1.64355092e+00, 3.48652244e-02, 1.17141131e+02]),\n",
       "  'intr': array([[1.60410e+04, 0.00000e+00, 2.40000e+02],\n",
       "         [0.00000e+00, 1.59717e+04, 4.80000e+02],\n",
       "         [0.00000e+00, 0.00000e+00, 1.00000e+00]]),\n",
       "  'distort': array([0., 0., 0., 0., 0.]),\n",
       "  'vis': array([1., 1., 1., 1., 1., 1., 1., 1., 1., 1., 1., 1., 1., 1., 1., 1., 1.,\n",
       "         1., 1., 0., 0., 0., 0., 0., 0., 0., 0., 0., 0., 0., 0., 0., 0., 0.,\n",
       "         0., 0., 0., 0.])},\n",
       " (1,\n",
       "  'all',\n",
       "  'pose_result_fix__data_paper_180919_MDN_CsCh_Fly6_001_SG1_behData_images.cam_0'): {'R': array([[ 0.90544602,  0.01285229, -0.42426682],\n",
       "         [-0.00419909,  0.99976379,  0.02132433],\n",
       "         [ 0.42444067, -0.0175265 ,  0.90528611]]),\n",
       "  'tvec': array([1.64126837e+00, 3.48781665e-02, 1.17016384e+02]),\n",
       "  'intr': array([[1.60410e+04, 0.00000e+00, 2.40000e+02],\n",
       "         [0.00000e+00, 1.59717e+04, 4.80000e+02],\n",
       "         [0.00000e+00, 0.00000e+00, 1.00000e+00]]),\n",
       "  'distort': array([0., 0., 0., 0., 0.]),\n",
       "  'vis': array([1., 1., 1., 1., 1., 1., 1., 1., 1., 1., 1., 1., 1., 1., 1., 1., 1.,\n",
       "         1., 1., 0., 0., 0., 0., 0., 0., 0., 0., 0., 0., 0., 0., 0., 0., 0.,\n",
       "         0., 0., 0., 0.])},\n",
       " (1,\n",
       "  'all',\n",
       "  'pose_result_fix__data_paper_180919_MDN_CsCh_Fly6_002_SG1_behData_images.cam_0'): {'R': array([[ 0.90462195,  0.01086169, -0.42607646],\n",
       "         [-0.00121619,  0.99973694,  0.02290349],\n",
       "         [ 0.42621314, -0.02020081,  0.90439719]]),\n",
       "  'tvec': array([1.64868682e+00, 2.55759294e-02, 1.17815989e+02]),\n",
       "  'intr': array([[1.60410e+04, 0.00000e+00, 2.40000e+02],\n",
       "         [0.00000e+00, 1.59717e+04, 4.80000e+02],\n",
       "         [0.00000e+00, 0.00000e+00, 1.00000e+00]]),\n",
       "  'distort': array([0., 0., 0., 0., 0.]),\n",
       "  'vis': array([1., 1., 1., 1., 1., 1., 1., 1., 1., 1., 1., 1., 1., 1., 1., 1., 1.,\n",
       "         1., 1., 0., 0., 0., 0., 0., 0., 0., 0., 0., 0., 0., 0., 0., 0., 0.,\n",
       "         0., 0., 0., 0.])},\n",
       " (1,\n",
       "  'all',\n",
       "  'pose_result_fix__data_paper_180919_MDN_CsCh_Fly6_003_SG1_behData_images.cam_0'): {'R': array([[ 9.03404120e-01,  1.09938098e-02, -4.28649194e-01],\n",
       "         [ 9.38727148e-05,  9.99666168e-01,  2.58368494e-02],\n",
       "         [ 4.28790143e-01, -2.33813547e-02,  9.03101504e-01]]),\n",
       "  'tvec': array([1.64460922e+00, 3.00895156e-02, 1.17625436e+02]),\n",
       "  'intr': array([[1.60410e+04, 0.00000e+00, 2.40000e+02],\n",
       "         [0.00000e+00, 1.59717e+04, 4.80000e+02],\n",
       "         [0.00000e+00, 0.00000e+00, 1.00000e+00]]),\n",
       "  'distort': array([0., 0., 0., 0., 0.]),\n",
       "  'vis': array([1., 1., 1., 1., 1., 1., 1., 1., 1., 1., 1., 1., 1., 1., 1., 1., 1.,\n",
       "         1., 1., 0., 0., 0., 0., 0., 0., 0., 0., 0., 0., 0., 0., 0., 0., 0.,\n",
       "         0., 0., 0., 0.])},\n",
       " (1,\n",
       "  'all',\n",
       "  'pose_result_fix__data_paper_180919_MDN_CsCh_Fly6_004_SG1_behData_images.cam_0'): {'R': array([[ 0.90677666,  0.01460619, -0.42135822],\n",
       "         [-0.00664256,  0.99977061,  0.02036159],\n",
       "         [ 0.42155897, -0.01566452,  0.90666568]]),\n",
       "  'tvec': array([1.64251784e+00, 3.80784637e-02, 1.16754538e+02]),\n",
       "  'intr': array([[1.60410e+04, 0.00000e+00, 2.40000e+02],\n",
       "         [0.00000e+00, 1.59717e+04, 4.80000e+02],\n",
       "         [0.00000e+00, 0.00000e+00, 1.00000e+00]]),\n",
       "  'distort': array([0., 0., 0., 0., 0.]),\n",
       "  'vis': array([1., 1., 1., 1., 1., 1., 1., 1., 1., 1., 1., 1., 1., 1., 1., 1., 1.,\n",
       "         1., 1., 0., 0., 0., 0., 0., 0., 0., 0., 0., 0., 0., 0., 0., 0., 0.,\n",
       "         0., 0., 0., 0.])},\n",
       " (1,\n",
       "  'all',\n",
       "  'pose_result_fix__data_paper_180919_MDN_CsCh_Fly6_005_SG1_behData_images.cam_0'): {'R': array([[ 0.90501379,  0.01294207, -0.4251853 ],\n",
       "         [-0.00474991,  0.99978221,  0.02032177],\n",
       "         [ 0.4253557 , -0.01637189,  0.90487816]]),\n",
       "  'tvec': array([1.64062022e+00, 3.41038610e-02, 1.17001076e+02]),\n",
       "  'intr': array([[1.60410e+04, 0.00000e+00, 2.40000e+02],\n",
       "         [0.00000e+00, 1.59717e+04, 4.80000e+02],\n",
       "         [0.00000e+00, 0.00000e+00, 1.00000e+00]]),\n",
       "  'distort': array([0., 0., 0., 0., 0.]),\n",
       "  'vis': array([1., 1., 1., 1., 1., 1., 1., 1., 1., 1., 1., 1., 1., 1., 1., 1., 1.,\n",
       "         1., 1., 0., 0., 0., 0., 0., 0., 0., 0., 0., 0., 0., 0., 0., 0., 0.,\n",
       "         0., 0., 0., 0.])},\n",
       " (1,\n",
       "  'all',\n",
       "  'pose_result_fix__data_paper_180919_MDN_CsCh_Fly7_001_SG1_behData_images.cam_0'): {'R': array([[ 0.91567777,  0.0114691 , -0.40174952],\n",
       "         [-0.00708349,  0.99989803,  0.01240011],\n",
       "         [ 0.40185077, -0.00850872,  0.91566564]]),\n",
       "  'tvec': array([1.63413741e+00, 3.89655668e-02, 1.15631370e+02]),\n",
       "  'intr': array([[1.60410e+04, 0.00000e+00, 2.40000e+02],\n",
       "         [0.00000e+00, 1.59717e+04, 4.80000e+02],\n",
       "         [0.00000e+00, 0.00000e+00, 1.00000e+00]]),\n",
       "  'distort': array([0., 0., 0., 0., 0.]),\n",
       "  'vis': array([1., 1., 1., 1., 1., 1., 1., 1., 1., 1., 1., 1., 1., 1., 1., 1., 1.,\n",
       "         1., 1., 0., 0., 0., 0., 0., 0., 0., 0., 0., 0., 0., 0., 0., 0., 0.,\n",
       "         0., 0., 0., 0.])},\n",
       " (1,\n",
       "  'all',\n",
       "  'pose_result_fix__data_paper_180919_MDN_PR_Fly5_001_SG1_behData_images.cam_0'): {'R': array([[ 0.90827442,  0.0146748 , -0.41811748],\n",
       "         [-0.0085778 ,  0.99982777,  0.01645776],\n",
       "         [ 0.41828698, -0.01136163,  0.90824386]]),\n",
       "  'tvec': array([1.63873094e+00, 3.93498253e-02, 1.16596432e+02]),\n",
       "  'intr': array([[1.60410e+04, 0.00000e+00, 2.40000e+02],\n",
       "         [0.00000e+00, 1.59717e+04, 4.80000e+02],\n",
       "         [0.00000e+00, 0.00000e+00, 1.00000e+00]]),\n",
       "  'distort': array([0., 0., 0., 0., 0.]),\n",
       "  'vis': array([1., 1., 1., 1., 1., 1., 1., 1., 1., 1., 1., 1., 1., 1., 1., 1., 1.,\n",
       "         1., 1., 0., 0., 0., 0., 0., 0., 0., 0., 0., 0., 0., 0., 0., 0., 0.,\n",
       "         0., 0., 0., 0.])},\n",
       " (1,\n",
       "  'all',\n",
       "  'pose_result_fix__data_paper_180919_MDN_PR_Fly5_003_SG1_behData_images.cam_0'): {'R': array([[ 0.91111834,  0.01140008, -0.41198714],\n",
       "         [-0.00238746,  0.9997466 ,  0.02238404],\n",
       "         [ 0.41213792, -0.01941091,  0.91091468]]),\n",
       "  'tvec': array([1.64307531e+00, 3.64918706e-02, 1.17107599e+02]),\n",
       "  'intr': array([[1.60410e+04, 0.00000e+00, 2.40000e+02],\n",
       "         [0.00000e+00, 1.59717e+04, 4.80000e+02],\n",
       "         [0.00000e+00, 0.00000e+00, 1.00000e+00]]),\n",
       "  'distort': array([0., 0., 0., 0., 0.]),\n",
       "  'vis': array([1., 1., 1., 1., 1., 1., 1., 1., 1., 1., 1., 1., 1., 1., 1., 1., 1.,\n",
       "         1., 1., 0., 0., 0., 0., 0., 0., 0., 0., 0., 0., 0., 0., 0., 0., 0.,\n",
       "         0., 0., 0., 0.])},\n",
       " (1,\n",
       "  'all',\n",
       "  'pose_result_fix__data_paper_180919_MDN_PR_Fly5_004_SG1_behData_images.cam_0'): {'R': array([[ 0.90972431,  0.01375599, -0.41498487],\n",
       "         [-0.00625762,  0.99979176,  0.01942342],\n",
       "         [ 0.41516565, -0.01507314,  0.90962096]]),\n",
       "  'tvec': array([1.64204943e+00, 3.88767642e-02, 1.16836631e+02]),\n",
       "  'intr': array([[1.60410e+04, 0.00000e+00, 2.40000e+02],\n",
       "         [0.00000e+00, 1.59717e+04, 4.80000e+02],\n",
       "         [0.00000e+00, 0.00000e+00, 1.00000e+00]]),\n",
       "  'distort': array([0., 0., 0., 0., 0.]),\n",
       "  'vis': array([1., 1., 1., 1., 1., 1., 1., 1., 1., 1., 1., 1., 1., 1., 1., 1., 1.,\n",
       "         1., 1., 0., 0., 0., 0., 0., 0., 0., 0., 0., 0., 0., 0., 0., 0., 0.,\n",
       "         0., 0., 0., 0.])},\n",
       " (1,\n",
       "  'all',\n",
       "  'pose_result_fix__data_paper_180919_aDN_CsCh_Fly1_001_SG1_behData_images.cam_0'): {'R': array([[ 0.90901973,  0.00533223, -0.41671896],\n",
       "         [ 0.01191643,  0.99917674,  0.03877942],\n",
       "         [ 0.41658267, -0.04021706,  0.90820783]]),\n",
       "  'tvec': array([1.65019334e+00, 2.82917200e-02, 1.18153743e+02]),\n",
       "  'intr': array([[1.60410e+04, 0.00000e+00, 2.40000e+02],\n",
       "         [0.00000e+00, 1.59717e+04, 4.80000e+02],\n",
       "         [0.00000e+00, 0.00000e+00, 1.00000e+00]]),\n",
       "  'distort': array([0., 0., 0., 0., 0.]),\n",
       "  'vis': array([1., 1., 1., 1., 1., 1., 1., 1., 1., 1., 1., 1., 1., 1., 1., 1., 1.,\n",
       "         1., 1., 0., 0., 0., 0., 0., 0., 0., 0., 0., 0., 0., 0., 0., 0., 0.,\n",
       "         0., 0., 0., 0.])},\n",
       " (1,\n",
       "  'all',\n",
       "  'pose_result_fix__data_paper_180919_aDN_CsCh_Fly1_002_SG1_behData_images.cam_0'): {'R': array([[ 0.90411291,  0.01060317, -0.42716205],\n",
       "         [ 0.00151684,  0.99960613,  0.02802306],\n",
       "         [ 0.42729093, -0.02598395,  0.90374072]]),\n",
       "  'tvec': array([1.64774519e+00, 1.92276597e-02, 1.18195093e+02]),\n",
       "  'intr': array([[1.60410e+04, 0.00000e+00, 2.40000e+02],\n",
       "         [0.00000e+00, 1.59717e+04, 4.80000e+02],\n",
       "         [0.00000e+00, 0.00000e+00, 1.00000e+00]]),\n",
       "  'distort': array([0., 0., 0., 0., 0.]),\n",
       "  'vis': array([1., 1., 1., 1., 1., 1., 1., 1., 1., 1., 1., 1., 1., 1., 1., 1., 1.,\n",
       "         1., 1., 0., 0., 0., 0., 0., 0., 0., 0., 0., 0., 0., 0., 0., 0., 0.,\n",
